11223311
21321321
22331122
33122.33
31132123
22331122
32122331
33112311

11223311
21321321
22331122
33122.33
31132132
22331122
32122331
33112311

11223311
21321321
22331122
3312233.
31132132
22331122
32122331
33112311

11223311
21321321
22331122
33122.33
31121123
22331322
32132331
33112211

11223311
21321321
22331122
31122.33
33132123
22331122
32122331
33112311

11223311
21321321
22331122
31122.33
33132132
22331122
32122331
33112311

11223311
21321321
22331122
3112233.
33132132
22331122
32122331
33112311

11223311
21321321
22331122
31122.33
33121123
22331322
32132331
33112211

1122.211
13233221
33113133
22122113
12332322
11311332
32231211
33233221

1122.211
13233221
33113133
22122113
12332322
11311332
32213211
33233221

11223322
13213112
33112133
11232231
12233.11
33112233
32132132
22331122

11223322
13213112
33112133
12232231
11233.11
33112233
32132132
22331122

11223311
13213213
33112233
.2233112
32132122
33112233
12233132
11231122

11223311
13213213
33112233
.2233122
32132112
33112233
12233132
11231122

11223311
13213213
33112233
22.33112
32132122
33112233
12233132
11231122

11223311
13213213
33112233
22.33122
32132112
33112233
12233132
11231122

11223311
13213213
33112233
22.33112
23113122
33212233
12232132
11331122

11223311
13213213
33112233
22.33122
23113112
33212233
12232132
11331122

11223311
13213213
33112233
22.33112
23132122
33112233
12233132
11231122

11223311
13213213
33112233
22.33122
23132112
33112233
12233132
11231122

11223122
13233112
33112233
11213213
12233.11
33112233
32132132
22331122

11223122
13233112
33112233
11213213
1223311.
33112233
32132132
22331122

11223122
13233112
33112233
12213213
11233.11
33112233
32132132
22331122

11223122
13233112
33112233
12213213
1123311.
33112233
32132132
22331122

11223122
13233112
33112233
11213231
12233.11
33112233
32132132
22331122

11223122
13233112
33112233
12213231
11233.11
33112233
32132132
22331122

11223211
13233221
3311.133
22122113
12332322
11311332
32231211
33233221

11223211
13233221
3311.133
22122113
12332322
11311332
32213211
33233221

11221133
13323123
22313322
32112113
33.22133
22113322
12312312
11332211

11221133
13323123
22313322
32112133
33.22113
22113322
12312312
11332211

112.2211
12233231
33131133
31122122
22323321
23311311
11231223
12233233

112.2211
12233231
33131133
31122122
22323321
23311311
11213223
12233233

11211223
12231233
33133112
32112122
22322331
1133.311
31221223
33211233

11211223
12231233
33133112
32112122
22322331
1133.311
31211223
33221233

11211223
12231233
33133112
32112122
22322331
11331311
31211223
3322.233

11211223
12231233
33133112
31122122
22332331
2113.311
31221223
33211233

11211223
12213233
33133112
32112122
22322331
1133.311
31221223
33211233

11211223
12213233
33133112
32112122
22322331
1133.311
31211223
33221233

11211223
12213233
33133112
32112122
22322331
11331311
31211223
3322.233

11211223
12213233
33133112
31122122
22332331
2113.311
31221223
33211233

11233211
12232231
331.1133
31122122
22323321
23311311
11231223
12233233

11233211
12232231
331.1133
31122122
22323321
23311311
11213223
12233233

11233211
12232231
331.1332
31121122
22322331
23311311
11231223
12233233

11233211
12232231
331.1332
31121122
22322331
23311311
11213223
12233233

11231122
12233132
33112233
23132112
22.33122
33112233
13213213
11223311

11231122
12233132
33112233
23132122
22.33112
33112233
13213213
11223311

11231122
12233132
33112233
32132112
.2233122
33112233
13213213
11223311

11231122
12233132
33112233
32132122
.2233112
33112233
13213213
11223311

11231122
12233132
33112233
32132112
22.33122
33112233
13213213
11223311

11231122
12233132
33112233
32132122
22.33112
33112233
13213213
11223311

11232211
12233231
331.1133
31122122
22323321
23311311
11231223
12233233

11232211
12233231
331.1133
31122122
22323321
23311311
11213223
12233233

11233211
13223221
2331.133
22112113
13322322
11311332
32231211
33233221

11233211
13223221
2331.133
22112113
13322322
11311332
32213211
33233221

11233211
13223221
3311.133
22122113
12332322
11311332
32231211
33233221

11233211
13223221
3311.133
22122113
12332322
11311332
32213211
33233221

12233233
11213223
23311311
22322331
31121122
331.1332
12232231
11233211

12233233
11213223
23311311
22323321
31122122
331.1133
12233231
11232211

12233233
11213223
23311311
22323321
31122122
331.1133
12232231
11233211

12233233
11213223
23311311
22323321
31122122
33131133
12233231
112.2211

12233233
11231223
23311311
22322331
31121122
331.1332
12232231
11233211

12233233
11231223
23311311
22323321
31122122
331.1133
12233231
11232211

12233233
11231223
23311311
22323321
31122122
331.1133
12232231
11233211

12233233
11231223
23311311
22323321
31122122
33131133
12233231
112.2211
